[1] "Beta for PX-GS"
       [,1]   [,2]   [,3]   [,4]   [,5]
[1,] 0.4744 0.4763 0.9326 0.9217 1.3090
[2,] 0.0319 0.0324 0.0469 0.0455 0.0799
[1] "Beta for PX-GSM"
       [,1]   [,2]   [,3] [,4]   [,5]
[1,] 0.5070 0.5047 0.9869 0.99 1.4778
[2,] 0.0687 0.0669 0.0874 0.09 0.1145
[1] "Beta for PX-MH"
       [,1]   [,2]   [,3]   [,4]   [,5]
[1,] 0.4987 0.4939 0.9965 0.9964 1.4824
[2,] 0.0281 0.0280 0.0322 0.0318 0.0398
[1] "Gamma for PX-GS"
     [,1] [,2] [,3]     [,4] [,5] [,6] [,7]     [,8] [,9] [,10] [,11]   [,12]
[1,]    0 0.47 0.95 16592.15    0 0.47 0.96 15567.79    0  0.91  1.90 21899.5
[2,]    0 0.03 0.04  3488.48    0 0.03 0.04  3322.04    0  0.05  0.06  4727.2
     [,13] [,14] [,15]    [,16] [,17] [,18] [,19]    [,20]
[1,]     0  0.90  1.88 23721.93     0  1.27  2.25 32098.05
[2,]     0  0.05  0.07  4612.16     0  0.09  0.11  5817.94
[1] "Gamma for PX-GSM"
     [,1] [,2] [,3]    [,4] [,5] [,6] [,7]    [,8] [,9] [,10] [,11]   [,12]
[1,]    0 0.51 1.01 8390.11    0 0.50 1.01 7531.98    0  0.98  1.98 7563.99
[2,]    0 0.07 0.13 1049.66    0 0.06 0.12  919.07    0  0.09  0.17  642.58
     [,13] [,14] [,15]   [,16] [,17] [,18] [,19]   [,20]
[1,]     0  0.99  1.99 7559.88     0  1.47  2.48 8530.49
[2,]     0  0.09  0.17  662.18     0  0.12  0.18  630.24
[1] "Gamma for PX-MH"
     [,1] [,2] [,3]  [,4] [,5] [,6] [,7]  [,8] [,9] [,10] [,11] [,12] [,13]
[1,]    0 0.50 1.00 10000    0 0.49 0.99 10000    0  1.00  2.00 10000     0
[2,]    0 0.02 0.03     0    0 0.02 0.03     0    0  0.03  0.04     0     0
     [,14] [,15] [,16] [,17] [,18] [,19] [,20]
[1,]  1.00  2.00 10000     0  1.48  2.48 10000
[2,]  0.03  0.04     0     0  0.04  0.05     0
[1] "R for PX-GS"
      [,1] [,2] [,3] [,4] [,5]
 [1,] 1.00 0.48 0.24 0.12 0.06
 [2,] 0.48 1.00 0.47 0.24 0.11
 [3,] 0.24 0.47 1.00 0.46 0.22
 [4,] 0.12 0.24 0.46 1.00 0.43
 [5,] 0.06 0.11 0.22 0.43 1.00
 [6,] 0.00 0.02 0.03 0.03 0.03
 [7,] 0.02 0.00 0.02 0.03 0.03
 [8,] 0.03 0.02 0.00 0.03 0.03
 [9,] 0.03 0.03 0.03 0.00 0.03
[10,] 0.03 0.03 0.03 0.03 0.00
[1] "R for PX-GSM"
      [,1] [,2] [,3] [,4] [,5]
 [1,] 1.00 0.50 0.25 0.13 0.06
 [2,] 0.50 1.00 0.50 0.25 0.12
 [3,] 0.25 0.50 1.00 0.50 0.25
 [4,] 0.13 0.25 0.50 1.00 0.50
 [5,] 0.06 0.12 0.25 0.50 1.00
 [6,] 0.00 0.03 0.03 0.03 0.03
 [7,] 0.03 0.00 0.02 0.03 0.03
 [8,] 0.03 0.02 0.00 0.02 0.03
 [9,] 0.03 0.03 0.02 0.00 0.02
[10,] 0.03 0.03 0.03 0.02 0.00
[1] "R for PX-MH"
      [,1] [,2] [,3] [,4] [,5]
 [1,] 1.00 0.50 0.25 0.12 0.06
 [2,] 0.50 1.00 0.50 0.25 0.12
 [3,] 0.25 0.50 1.00 0.50 0.25
 [4,] 0.12 0.25 0.50 1.00 0.50
 [5,] 0.06 0.12 0.25 0.50 1.00
 [6,] 0.00 0.02 0.02 0.03 0.03
 [7,] 0.02 0.00 0.02 0.02 0.03
 [8,] 0.02 0.02 0.00 0.02 0.02
 [9,] 0.03 0.02 0.02 0.00 0.02
[10,] 0.03 0.03 0.02 0.02 0.00
[1] "Sigma for PX-GS"
      [,1] [,2] [,3] [,4] [,5]
 [1,] 0.41 0.21 0.07 0.03 0.01
 [2,] 0.21 0.47 0.16 0.07 0.03
 [3,] 0.07 0.16 0.24 0.10 0.04
 [4,] 0.03 0.07 0.10 0.20 0.06
 [5,] 0.01 0.03 0.04 0.06 0.11
 [6,] 0.14 0.08 0.03 0.01 0.01
 [7,] 0.08 0.18 0.06 0.03 0.01
 [8,] 0.03 0.06 0.09 0.04 0.01
 [9,] 0.01 0.03 0.04 0.07 0.02
[10,] 0.01 0.01 0.01 0.02 0.04
[1] "Sigma for PX-GSM"
      [,1] [,2] [,3] [,4] [,5]
 [1,] 1.50 0.81 0.41 0.20 0.09
 [2,] 0.81 1.85 0.89 0.45 0.20
 [3,] 0.41 0.89 1.79 0.88 0.39
 [4,] 0.20 0.45 0.88 1.80 0.78
 [5,] 0.09 0.20 0.39 0.78 1.40
 [6,] 0.42 0.14 0.08 0.06 0.04
 [7,] 0.14 0.51 0.13 0.09 0.05
 [8,] 0.08 0.13 0.33 0.10 0.06
 [9,] 0.06 0.09 0.10 0.34 0.08
[10,] 0.04 0.05 0.06 0.08 0.22
[1] "Sigma for PX-MH"
      [,1] [,2] [,3] [,4] [,5]
 [1,] 0.86 0.43 0.20 0.11 0.04
 [2,] 0.43 0.95 0.42 0.24 0.08
 [3,] 0.20 0.42 0.81 0.44 0.15
 [4,] 0.11 0.24 0.44 1.03 0.35
 [5,] 0.04 0.08 0.15 0.35 0.54
 [6,] 0.27 0.11 0.05 0.03 0.02
 [7,] 0.11 0.30 0.10 0.06 0.03
 [8,] 0.05 0.10 0.26 0.11 0.04
 [9,] 0.03 0.06 0.11 0.32 0.10
[10,] 0.02 0.03 0.04 0.10 0.21
[1] "Beta for PX-GS"
[1] 0.916 0.916 0.692 0.546 0.060
[1] "Beta for PX-GSM"
[1] 1 1 1 1 1
[1] "Beta for PX-MH"
[1] 0.950 0.930 0.938 0.920 0.882
[1] "Gamma for PX-GS"
      [,1]  [,2] [,3]  [,4]  [,5]  [,6]  [,7]  [,8] [,9] [,10]
[1,] 0.764 0.812 0.81 0.798 0.534 0.586 0.308 0.452 0.03 0.046
[1] "Gamma for PX-GSM"
     [,1] [,2] [,3] [,4] [,5] [,6] [,7] [,8] [,9] [,10]
[1,]    1    1    1    1    1    1    1    1    1     1
[1] "Gamma for PX-MH"
      [,1]  [,2]  [,3]  [,4]  [,5]  [,6]  [,7]  [,8]  [,9] [,10]
[1,] 0.906 0.872 0.862 0.852 0.862 0.904 0.898 0.868 0.808 0.846
[1] "R for PX-GS"
      [,1]  [,2]  [,3]  [,4]  [,5]
[1,] 0.000 0.866 0.946 0.970 0.966
[2,] 0.866 0.000 0.776 0.938 0.954
[3,] 0.946 0.776 0.000 0.596 0.862
[4,] 0.970 0.938 0.596 0.000 0.260
[5,] 0.966 0.954 0.862 0.260 0.000
[1] "R for PX-GSM"
      [,1]  [,2]  [,3]  [,4]  [,5]
[1,] 0.000 0.976 0.974 0.964 0.958
[2,] 0.976 0.000 0.976 0.980 0.964
[3,] 0.974 0.976 0.000 0.976 0.966
[4,] 0.964 0.980 0.976 0.000 0.984
[5,] 0.958 0.964 0.966 0.984 0.000
[1] "R for PX-MH"
      [,1]  [,2]  [,3]  [,4]  [,5]
[1,] 0.000 0.932 0.950 0.960 0.952
[2,] 0.932 0.000 0.934 0.962 0.956
[3,] 0.950 0.934 0.000 0.934 0.956
[4,] 0.960 0.962 0.934 0.000 0.942
[5,] 0.952 0.956 0.956 0.942 0.000
[1] "Sigma for PX-GS"
      [,1]  [,2] [,3] [,4] [,5]
[1,] 0.002 0.002    0    0    0
[2,] 0.002 0.038    0    0    0
[3,] 0.000 0.000    0    0    0
[4,] 0.000 0.000    0    0    0
[5,] 0.000 0.000    0    0    0
[1] "Sigma for PX-GSM"
      [,1]  [,2]  [,3]  [,4]  [,5]
[1,] 1.000 0.014 0.270 0.684 0.908
[2,] 0.014 0.000 0.000 0.066 0.670
[3,] 0.270 0.000 0.000 0.000 0.176
[4,] 0.684 0.066 0.000 0.000 0.000
[5,] 0.908 0.670 0.176 0.000 0.020
[1] "Sigma for PX-MH"
      [,1]  [,2]  [,3]  [,4]  [,5]
[1,] 0.898 0.936 0.810 0.938 0.792
[2,] 0.936 0.964 0.856 0.960 0.718
[3,] 0.810 0.856 0.862 0.916 0.460
[4,] 0.938 0.960 0.916 0.970 0.690
[5,] 0.792 0.718 0.460 0.690 0.504
