[1] "Beta for PX-GS"
[1] 0.916 0.916 0.692 0.546 0.060
[1] "Beta for PX-GSM"
[1] 1 1 1 1 1
[1] "Beta for PX-MH"
[1] 0.950 0.930 0.938 0.920 0.882
[1] "Gamma for PX-GS"
      [,1]  [,2] [,3]  [,4]  [,5]  [,6]  [,7]  [,8] [,9] [,10]
[1,] 0.764 0.812 0.81 0.798 0.534 0.586 0.308 0.452 0.03 0.046
[1] "Gamma for PX-GSM"
     [,1] [,2] [,3] [,4] [,5] [,6] [,7] [,8] [,9] [,10]
[1,]    1    1    1    1    1    1    1    1    1     1
[1] "Gamma for PX-MH"
      [,1]  [,2]  [,3]  [,4]  [,5]  [,6]  [,7]  [,8]  [,9] [,10]
[1,] 0.906 0.872 0.862 0.852 0.862 0.904 0.898 0.868 0.808 0.846
[1] "R for PX-GS"
      [,1]  [,2]  [,3]  [,4]  [,5]
[1,] 0.000 0.866 0.946 0.970 0.966
[2,] 0.866 0.000 0.776 0.938 0.954
[3,] 0.946 0.776 0.000 0.596 0.862
[4,] 0.970 0.938 0.596 0.000 0.260
[5,] 0.966 0.954 0.862 0.260 0.000
[1] "R for PX-GSM"
      [,1]  [,2]  [,3]  [,4]  [,5]
[1,] 0.000 0.976 0.974 0.964 0.958
[2,] 0.976 0.000 0.976 0.980 0.964
[3,] 0.974 0.976 0.000 0.976 0.966
[4,] 0.964 0.980 0.976 0.000 0.984
[5,] 0.958 0.964 0.966 0.984 0.000
[1] "R for PX-MH"
      [,1]  [,2]  [,3]  [,4]  [,5]
[1,] 0.000 0.932 0.950 0.960 0.952
[2,] 0.932 0.000 0.934 0.962 0.956
[3,] 0.950 0.934 0.000 0.934 0.956
[4,] 0.960 0.962 0.934 0.000 0.942
[5,] 0.952 0.956 0.956 0.942 0.000
[1] "Sigma for PX-GS"
      [,1]  [,2] [,3] [,4] [,5]
[1,] 0.002 0.002    0    0    0
[2,] 0.002 0.038    0    0    0
[3,] 0.000 0.000    0    0    0
[4,] 0.000 0.000    0    0    0
[5,] 0.000 0.000    0    0    0
[1] "Sigma for PX-GSM"
      [,1]  [,2]  [,3]  [,4]  [,5]
[1,] 1.000 0.014 0.270 0.684 0.908
[2,] 0.014 0.000 0.000 0.066 0.670
[3,] 0.270 0.000 0.000 0.000 0.176
[4,] 0.684 0.066 0.000 0.000 0.000
[5,] 0.908 0.670 0.176 0.000 0.020
[1] "Sigma for PX-MH"
      [,1]  [,2]  [,3]  [,4]  [,5]
[1,] 0.898 0.936 0.810 0.938 0.792
[2,] 0.936 0.964 0.856 0.960 0.718
[3,] 0.810 0.856 0.862 0.916 0.460
[4,] 0.938 0.960 0.916 0.970 0.690
[5,] 0.792 0.718 0.460 0.690 0.504
