[1] "Beta for PX-GS"
       [,1]   [,2]   [,3]   [,4]   [,5]
[1,] 0.5042 0.5021 1.0039 0.9931 1.4703
[2,] 0.0582 0.0577 0.0672 0.0673 0.0885
[1] "Beta for PX-GSM"
       [,1]   [,2]   [,3]   [,4]   [,5]
[1,] 0.5007 0.5068 1.0029 1.0124 1.5307
[2,] 0.0841 0.0858 0.1045 0.1058 0.1346
[1] "Beta for PX-MH"
       [,1]   [,2]   [,3]   [,4]   [,5]
[1,] 0.5046 0.5164 0.9919 0.9984 1.4830
[2,] 0.0582 0.0579 0.0638 0.0660 0.0761
[1] "Gamma for PX-GS"
     [,1] [,2] [,3]    [,4] [,5] [,6] [,7]    [,8] [,9] [,10] [,11]   [,12]
[1,]    0 0.50 1.01 7887.03    0 0.50 1.01 7457.45    0  1.00  2.01 7490.22
[2,]    0 0.05 0.06 1139.59    0 0.05 0.06  970.77    0  0.06  0.09  975.37
     [,13] [,14] [,15]   [,16] [,17] [,18] [,19]    [,20]
[1,]     0  0.99  1.99 8434.32     0  1.46  2.46 10838.16
[2,]     0  0.06  0.09 1111.09     0  0.09  0.10  1657.62
[1] "Gamma for PX-GSM"
     [,1] [,2] [,3]    [,4] [,5] [,6] [,7]    [,8] [,9] [,10] [,11]   [,12]
[1,]    0 0.50 1.00 8401.76    0 0.51 1.02 7537.92    0  1.01  2.01 7510.49
[2,]    0 0.07 0.13 1077.54    0 0.08 0.14  957.41    0  0.10  0.18  686.96
     [,13] [,14] [,15]   [,16] [,17] [,18] [,19]   [,20]
[1,]     0  1.02  2.02 7487.24     0  1.53  2.53 8350.52
[2,]     0  0.10  0.18  689.10     0  0.13  0.20  666.65
[1] "Gamma for PX-MH"
     [,1] [,2] [,3]  [,4] [,5] [,6] [,7]  [,8] [,9] [,10] [,11] [,12] [,13]
[1,]    0 0.50 1.01 10000    0 0.52 1.03 10000    0  0.99  2.00 10000     0
[2,]    0 0.04 0.06     0    0 0.05 0.06     0    0  0.06  0.08     0     0
     [,14] [,15] [,16] [,17] [,18] [,19] [,20]
[1,]  1.00  1.99 10000     0  1.47  2.48 10000
[2,]  0.06  0.08     0     0  0.07  0.09     0
[1] "R for PX-GS"
      [,1] [,2] [,3] [,4] [,5]
 [1,] 1.00 0.49 0.24 0.12 0.06
 [2,] 0.49 1.00 0.49 0.24 0.12
 [3,] 0.24 0.49 1.00 0.48 0.24
 [4,] 0.12 0.24 0.48 1.00 0.47
 [5,] 0.06 0.12 0.24 0.47 1.00
 [6,] 0.00 0.04 0.05 0.05 0.05
 [7,] 0.04 0.00 0.04 0.05 0.05
 [8,] 0.05 0.04 0.00 0.04 0.05
 [9,] 0.05 0.05 0.04 0.00 0.04
[10,] 0.05 0.05 0.05 0.04 0.00
[1] "R for PX-GSM"
      [,1] [,2] [,3] [,4] [,5]
 [1,] 1.00 0.49 0.25 0.12 0.06
 [2,] 0.49 1.00 0.49 0.24 0.12
 [3,] 0.25 0.49 1.00 0.49 0.25
 [4,] 0.12 0.24 0.49 1.00 0.49
 [5,] 0.06 0.12 0.25 0.49 1.00
 [6,] 0.00 0.04 0.05 0.05 0.05
 [7,] 0.04 0.00 0.04 0.05 0.05
 [8,] 0.05 0.04 0.00 0.04 0.05
 [9,] 0.05 0.05 0.04 0.00 0.04
[10,] 0.05 0.05 0.05 0.04 0.00
[1] "R for PX-MH"
      [,1] [,2] [,3] [,4] [,5]
 [1,] 1.00 0.49 0.24 0.11 0.05
 [2,] 0.49 1.00 0.48 0.24 0.12
 [3,] 0.24 0.48 1.00 0.49 0.24
 [4,] 0.11 0.24 0.49 1.00 0.49
 [5,] 0.05 0.12 0.24 0.49 1.00
 [6,] 0.00 0.04 0.05 0.05 0.05
 [7,] 0.04 0.00 0.04 0.05 0.05
 [8,] 0.05 0.04 0.00 0.04 0.05
 [9,] 0.05 0.05 0.04 0.00 0.04
[10,] 0.05 0.05 0.05 0.04 0.00
[1] "Sigma for PX-GS"
      [,1] [,2] [,3] [,4] [,5]
 [1,] 1.74 0.88 0.44 0.19 0.07
 [2,] 0.88 1.93 0.92 0.40 0.15
 [3,] 0.44 0.92 1.92 0.81 0.32
 [4,] 0.19 0.40 0.81 1.51 0.55
 [5,] 0.07 0.15 0.32 0.55 0.92
 [6,] 0.52 0.21 0.12 0.09 0.07
 [7,] 0.21 0.51 0.19 0.11 0.07
 [8,] 0.12 0.19 0.54 0.21 0.11
 [9,] 0.09 0.11 0.21 0.40 0.14
[10,] 0.07 0.07 0.11 0.14 0.25
[1] "Sigma for PX-GSM"
      [,1] [,2] [,3] [,4] [,5]
 [1,] 1.50 0.80 0.40 0.20 0.09
 [2,] 0.80 1.86 0.89 0.45 0.20
 [3,] 0.40 0.89 1.83 0.89 0.40
 [4,] 0.20 0.45 0.89 1.84 0.80
 [5,] 0.09 0.20 0.40 0.80 1.47
 [6,] 0.42 0.16 0.11 0.09 0.08
 [7,] 0.16 0.53 0.16 0.13 0.09
 [8,] 0.11 0.16 0.36 0.14 0.10
 [9,] 0.09 0.13 0.14 0.37 0.12
[10,] 0.08 0.09 0.10 0.12 0.25
[1] "Sigma for PX-MH"
      [,1] [,2] [,3] [,4] [,5]
 [1,] 0.94 0.40 0.20 0.10 0.05
 [2,] 0.40 0.79 0.38 0.20 0.10
 [3,] 0.20 0.38 0.85 0.42 0.22
 [4,] 0.10 0.20 0.42 0.95 0.47
 [5,] 0.05 0.10 0.22 0.47 1.06
 [6,] 0.41 0.14 0.08 0.06 0.05
 [7,] 0.14 0.36 0.13 0.08 0.06
 [8,] 0.08 0.13 0.38 0.14 0.08
 [9,] 0.06 0.08 0.14 0.40 0.15
[10,] 0.05 0.06 0.08 0.15 0.47
