[1] "Beta for PX-GS"
[1] 0.932 0.956 0.958 0.942 0.946
[1] "Beta for PX-GSM"
[1] 0.996 0.998 0.990 0.992 0.992
[1] "Beta for PX-MH"
[1] 0.928 0.936 0.938 0.944 0.900
[1] "Gamma for PX-GS"
      [,1]  [,2]  [,3]  [,4] [,5]  [,6] [,7]  [,8]  [,9] [,10]
[1,] 0.936 0.934 0.958 0.944 0.95 0.932 0.94 0.956 0.934 0.932
[1] "Gamma for PX-GSM"
      [,1] [,2] [,3] [,4]  [,5] [,6] [,7] [,8]  [,9] [,10]
[1,] 0.998    1    1    1 0.996    1    1    1 0.992 0.998
[1] "Gamma for PX-MH"
      [,1]  [,2]  [,3]  [,4]  [,5]  [,6]  [,7]  [,8]  [,9] [,10]
[1,] 0.906 0.924 0.928 0.902 0.904 0.924 0.932 0.934 0.856 0.882
[1] "R for PX-GS"
      [,1]  [,2]  [,3]  [,4]  [,5]
[1,] 0.000 0.926 0.950 0.946 0.940
[2,] 0.926 0.000 0.964 0.954 0.958
[3,] 0.950 0.964 0.000 0.932 0.960
[4,] 0.946 0.954 0.932 0.000 0.940
[5,] 0.940 0.958 0.960 0.940 0.000
[1] "R for PX-GSM"
      [,1]  [,2]  [,3]  [,4]  [,5]
[1,] 0.000 0.936 0.954 0.944 0.936
[2,] 0.936 0.000 0.968 0.950 0.942
[3,] 0.954 0.968 0.000 0.942 0.968
[4,] 0.944 0.950 0.942 0.000 0.962
[5,] 0.936 0.942 0.968 0.962 0.000
[1] "R for PX-MH"
      [,1]  [,2]  [,3]  [,4]  [,5]
[1,] 0.000 0.924 0.946 0.946 0.936
[2,] 0.924 0.000 0.956 0.946 0.956
[3,] 0.946 0.956 0.000 0.946 0.954
[4,] 0.946 0.946 0.946 0.000 0.950
[5,] 0.936 0.956 0.954 0.950 0.000
[1] "Sigma for PX-GS"
      [,1]  [,2]  [,3]  [,4]  [,5]
[1,] 0.624 0.412 0.616 0.890 0.952
[2,] 0.412 0.262 0.150 0.714 0.932
[3,] 0.616 0.150 0.194 0.506 0.986
[4,] 0.890 0.714 0.506 0.796 0.986
[5,] 0.952 0.932 0.986 0.986 0.966
[1] "Sigma for PX-GSM"
      [,1]  [,2]  [,3]  [,4]  [,5]
[1,] 0.966 0.394 0.680 0.876 0.942
[2,] 0.394 0.028 0.078 0.554 0.880
[3,] 0.680 0.078 0.000 0.052 0.642
[4,] 0.876 0.554 0.052 0.000 0.122
[5,] 0.942 0.880 0.642 0.122 0.048
[1] "Sigma for PX-MH"
      [,1]  [,2]  [,3]  [,4]  [,5]
[1,] 1.000 0.992 0.974 0.958 0.936
[2,] 0.992 0.986 0.962 0.958 0.964
[3,] 0.974 0.962 0.994 0.998 0.986
[4,] 0.958 0.958 0.998 0.998 1.000
[5,] 0.936 0.964 0.986 1.000 1.000
